50
37
38
35
37
36
32
28
27
25
22
21
17
20
19
17
18
15
16
17
15
17
15
16
16
15
12
11
12
10
12
10
9
11
11
8
9
7
7
8
7
6
6
6
6
6
6
6
7
5
7
6
6
5
6
6
5
6
6
5
5
5
6
7
6
5
5
6
5
7
8
8
7
9
8
9
9
10
8
9
9
10
12
9
8
10
11
11
11
14
14
14
15
16
13
12
16
16
15
16
17
14
17
20
18
20
22
23
24
29
28
32
35
33
38
41
40
42
47
44
40
42
38
40
39
38
33
35
36
36
35
34
34
33
31
29
30
30
32
27
28
29
24
22
23
24
20
20
18
21
19
19
16
16
13
16
13
14
10
12
8
9
11
8
9
8
8
6
7
7
8
8
7
11
8
8
8
9
10
10
8
7
8
8
12
7
8
9
12
10
10
10
10
10
11
8
11
9
8
10
10
11
10
11
12
12
16
15
14
14
16
13
16
16
16
17
18
16
19
17
20
26
24
26
27
25
30
30
29
32
37
41
34
34
33
36
37
33
30
31
36
32
35
33
35
38
33
32
32
34
30
26
30
23
28
23
24
23
22
22
23
24
22
19
19
23
18
19
17
18
15
17
15
16
16
16
14
12
14
15
15
14
14
15
14
15
14
13
12
10
11
9
8
8
12
11
10
14
10
10
11
11
10
12
11
13
14
12
13
14
16
15
16
15
18
15
14
15
14
14
18
19
19
20
19
20
22
22
21
23
26
24
28
25
27
27
32
34
32
29
31
32
34
33
33
29
34
33
32
32
29
34
30
29
32
32
28
26
26
29
29
29
26
27
24
22
21
24
21
17
20
20
17
19
18
15
13
16
13
13
12
10
11
10
14
11
10
9
8
10
10
10
9
9
9
10
8
7
6
8
9
7
8
7
8
6
5
5
8
7
7
7
8
8
7
6
6
7
7
6
7
7
8
7
8
9
8
8
10
12
12
13
13
12
14
16
16
15
19
20
19
22
26
23
25
28
26
28
30
29
32
34
34
35
39
46
40
41
39
41
36
40
38
38
46
41
37
39
39
38
36
35
34
28
32
33
30
30
31
29
27
29
22
23
22
20
21
19
20
18
20
16
16
14
12
14
13
13
14
11
