318.596620514427 10.7211044884741 -0.650892756450127 415.584906822072 10.1012494359105 -0.505217700859439 358.289213134715 12.271489214467 -0.715517427178949
306.584533095308 14.3180818784557 -1.0051198841473 458.108326704021 16.7147460282785 -0.787545831494891 362.263440369429 9.1216740126509 -0.804011856020334
324.177701156992 17.8267249253405 -0.8441073682526 493.264499523519 5.05627556706533 -0.84561589391846 162.713775354856 11.4801869149264 -0.489117081252074
229.819681458579 6.58056718953498 -0.7926408408799 499.353418082738 12.5915823162493 -0.91986648032393 220.946895480898 12.1759697480008 -0.923752487380146
257.235998609085 14.3517137933989 -0.816993040742486 510.431805202774 9.86179207023713 -0.790402557961923 213.932500118632 8.77861585063583 -0.98390174965465
260.351448097614 15.8458700210974 -0.789081819183167 530.163314995833 18.8075840578559 -1.00335723637509 253.590730561465 11.5402995182875 -0.804511052353553
302.093199573662 11.4410102719181 -0.739001185760663 481.195232041702 14.14476461037 -0.870259729506824 278.313542297147 12.4936817571198 -1.04639976424133
337.766158306185 8.98385640801486 -0.733800935753973 373.352467151264 10.9965014408428 -0.884766116138912 303.162179567334 8.30758300699433 -0.790192191347699
311.93987468062 11.2605515284165 -0.452183324539193 260.413188143717 13.5614271300988 -0.872173020644127 317.524296743397 8.14313069277655 -0.99766800908222
347.06960992837 1.60364770313472 -0.691920336306001 286.78138300551 17.7183627294546 -1.10848727268793 223.828689610273 8.30626478573492 -0.886660801396601
264.476694191 14.1782652435406 -0.674393872606745 262.888864629956 12.1451568531849 -0.89810614113858 251.656906618109 13.740852612202 -0.806702579086681
233.327136942177 9.20322505389021 -1.18382306519897 264.249400952541 9.16208117806842 -0.702614589372853 319.215620305761 8.23049590140329 -0.876749364391605
179.428304239171 10.1256221514168 -0.800478526127771 153.389205810966 8.4842802663343 -0.453206831920481 336.623244811818 14.6666609366913 -0.96121530289805
233.542739777707 8.10663227730556 -0.936631118679583 148.858942739262 11.4066375073248 -0.750367080224385 338.41553890647 12.9724363472256 -1.10182467429141
282.988987575524 13.4119775596533 -0.920628978421461 303.146840512307 12.4324926193774 -0.811716917530588 295.905493819518 14.1551587453762 -0.783305005032486
248.097537572605 9.20317531425918 -0.785579331768724 385.559778636764 7.39908093953589 -0.791770202312302 233.938032008661 13.4891975023306 -0.770636209752561
253.154628313656 9.16708827696794 -0.994568512003342 385.825905119275 13.9576545467403 -1.07240137420681 311.025387761518 13.6964732914802 -0.956907528158246
255.059065515659 12.4870890262579 -0.781785355305512 365.301259928067 10.5040392697065 -0.685220273102393 288.279492945906 8.34595823623529 -0.909661703437284
161.865971645683 14.2909913759486 -1.13483621458253 352.825085144003 10.7512503511744 -0.797555344343667 329.330592331804 10.4930080976069 -0.85997876352694
196.119861106911 8.83835888840637 -1.29170130871509 256.154603600466 8.99668311016572 -0.856801917902487 301.586992232791 10.2601890123266 -0.834090425124942
248.786047893735 11.8154321566458 -0.901482444167029 245.743270439114 9.22662497340983 -1.02549280458515 249.938757384173 10.9967649673311 -0.914633431181015
271.321231792686 9.33986211522862 -0.991224561134947 279.113288943775 7.56515577767171 -1.09960757250598 341.920589138359 13.4137038808967 -0.909456355587532
192.548651460712 7.36875687246992 -0.980455524797875 227.335436646606 9.75078436858743 -0.865375929477883 355.317161328674 17.8849625054042 -1.14668304306451
216.785034905236 11.2825893706917 -0.751018429274665 205.576810479604 8.52977062480677 -0.960518122410997 348.709979464023 10.4072402609029 -0.812132595126135
296.042634386328 15.8550160351162 -0.92757278119861 215.616783320665 12.2942588793178 -1.04039041127005 347.229087831577 10.702446905145 -0.812729448915219
292.181519701746 6.08682421937359 -1.07757253942925 175.718379756445 10.4985791053069 -0.595588376038103 267.964228019211 11.7134720884819 -0.799366874130148
241.526006053842 12.6021304367211 -0.983160457721678 170.49194625316 3.70729847902824 -0.772779243616655 254.618100291193 7.9024042739528 -1.10954531981537
163.287065164493 8.25343136536577 -0.944726584478131 208.818269669576 8.44063594212452 -0.749836438077114 340.496627600089 8.17789029370261 -1.02846850587626
138.520877772368 7.00493209562477 -0.944476156119189 238.570407949889 13.196248011724 -0.885164498902647 356.832742329752 10.8651447297072 -1.15659090424643
194.326629247499 7.94589127266627 -1.36338640662964 234.717504780805 11.4233362052801 -0.831858575524357 361.958838923372 10.1087400318762 -0.977740197303428
167.592536047068 9.81143099284778 -1.14045573122173 282.853337035292 6.83477679958885 -1.23528823670127 350.92561016817 16.680816284581 -1.04590842003562
216.291788980874 16.9048257926841 -1.2228840120049 344.600610198285 8.21342239343068 -0.807451657246158 425.039461274268 8.46682752120461 -1.0301892932782
188.072287161648 6.86753794437072 -0.778142516697619 458.361647102248 22.951092175724 -1.00936582250114 457.606017175424 7.69504731477711 -0.80989461979062
165.302974284738 5.91432239409184 -0.950930203813379 376.073055251412 8.67947365748253 -0.99982682435134 504.23264278416 9.51311488244817 -0.895880822540162
266.518666245757 11.0739050613132 -0.997602259667375 415.832066914406 14.8550082620014 -1.04097905054828 499.244919138058 14.5763733975085 -0.943588204979866
279.294391132 12.3626555244237 -0.933994036178587 342.996499874762 10.070290187062 -1.13352312761806 490.977006943618 12.3479096760468 -1.11082366509332
248.868734540604 10.6676509325031 -0.855930385450021 217.961751395249 13.8280464726632 -0.894399911598873 445.479070334202 12.554886665123 -0.630827310662095
348.382483654483 4.85233321189001 -1.11057935453577 193.210490356276 16.5155090042415 -0.967104793749205 482.568055328146 14.6436895088584 -0.871459306320859
301.102456519801 11.7388601651088 -0.872890195183956 238.315082038405 6.73579401015829 -1.23109095339316 531.593419465273 10.900697115443 -0.889839609100562
347.619200857036 3.83295842234868 -1.19308773806439 323.239767042829 14.5389810570752 -1.24400904059079 442.038816117069 12.6692930106767 -0.726659854184458
347.310796309689 8.473589989355 -0.752028442572523 320.799527711892 9.85086132305384 -0.971595593633843 453.705940421279 13.6208048522264 -1.02902758597118
286.229378077321 10.4689408483346 -1.01456955942939 385.9027507182 9.7131840051534 -0.812291897143657 429.04214767044 13.2018099351758 -0.913175611580502
407.385572639571 8.46170600744085 -0.950428081501083 405.031788148941 9.95667334825933 -0.962655987567091 455.312482779531 10.2547456239799 -1.05682278381112
364.107598819307 18.0121741118244 -1.0584696203029 390.909066123442 15.7023010555303 -1.11572022298293 404.259519365456 12.8852241121775 -0.896775150982274
330.541762026301 4.84095773318816 -0.932005126943312 346.182443460723 9.47696123814288 -1.08104480349901 404.81640087127 8.75025319428723 -0.946714351452212
278.298051919085 7.85586728278893 -0.869057530490838 381.909271205116 9.2355238244139 -0.908764402219882 408.263568525239 9.91191036056079 -1.09906141688608
161.598716589347 9.32644519013544 -1.17261475630823 343.008421498203 7.75900832245502 -1.12452850123905 438.246058074533 10.0619301551089 -1.06621482256438
184.161215235208 8.54549432215584 -0.9671113351464 360.475351275915 13.9232049167228 -1.07374531312016 478.063488374296 3.23594435645824 -0.871021307402249
232.883276910578 8.39773862862875 -1.18761637315949 328.652644546274 3.26182891275047 -1.19428789598012 457.402655216468 9.30970653123708 -0.810697965459292
240.773973083406 5.9524116104128 -1.00599369308542 296.898375815492 6.99635325573179 -1.0229654735379 417.762991332892 13.7847165409503 -1.18440890399887
