408.617844901853 16.9354113146442 -0.313030881291931 408.617827136472 16.9354091199394 -0.313006259815705 408.617849082108 16.9341110473205 -0.313234436238993
408.617834577825 16.936330448167 -0.312663520898847 408.617841156662 16.934403591241 -0.312396468625256 408.617864215931 16.9338670447721 -0.31285568876598
408.617826410039 16.9371750953663 -0.312093925955455 408.617844846239 16.935693955777 -0.311554403552271 408.617884638742 16.9336922643066 -0.312129673553525
408.617813997018 16.9379441171807 -0.311164098857332 408.61783959632 16.936178111835 -0.310494985769218 408.617874905171 16.9345399648301 -0.311207220353381
408.617849711718 16.9395750163904 -0.309991265384253 408.617839875717 16.9374229557947 -0.309168939868955 408.617880345712 16.935073003183 -0.310103130077987
408.617833855327 16.9408902430379 -0.308812602811863 408.617869408986 16.9380544977778 -0.307915394723718 408.617884397691 16.9341862057752 -0.308983233238352
408.617849813845 16.9421569849577 -0.30787906425456 408.617904074766 16.9378278602261 -0.306800530374094 408.617898688961 16.9337330187841 -0.30789932977617
408.617856560555 16.9421567542834 -0.306979137303341 408.617912280007 16.9371346476406 -0.305751463346284 408.617898301546 16.9339819665029 -0.307022642046383
408.617869738216 16.9433189705213 -0.306036044291982 408.617930359361 16.9360720658104 -0.304821686464239 408.61790385379 16.9341857841678 -0.306123505255638
408.617875578716 16.943517231062 -0.305238110521193 408.6179436249 16.9364005389192 -0.303967056931648 408.617898210193 16.933514114293 -0.305316851333064
408.617874373837 16.9436171968413 -0.30450461203683 408.617958399331 16.9369902656904 -0.30335146283402 408.617933636139 16.9340838692226 -0.304655935533881
408.617890842382 16.9435157266792 -0.303872976074932 408.617991623739 16.9364501648776 -0.302761845189828 408.617941628024 16.9345710231246 -0.304015828599882
408.617926683924 16.9433396467063 -0.303210362250088 408.618009668889 16.9371305767693 -0.302172287408973 408.617944879674 16.9341700132394 -0.303387907878564
408.617952450731 16.9421330999274 -0.302655705295893 408.6180367064 16.9371560033423 -0.30155554217945 408.617962788274 16.9341658739491 -0.302932247682774
408.617987748039 16.940890572696 -0.30195033800409 408.618057886207 16.9371243517007 -0.300913695779732 408.617981553584 16.9334992133073 -0.302400848852721
408.618032785004 16.9404137301558 -0.301263805612964 408.618061744184 16.9371022764943 -0.300167900643149 408.618014141119 16.9339868863024 -0.301861621840368
408.618092619895 16.9413099761846 -0.300673068478815 408.618104931133 16.9375687940655 -0.299491148489455 408.618044913005 16.933853080176 -0.30128061966415
408.618117708691 16.9407665002517 -0.299994377605329 408.618122186521 16.9367483492541 -0.298829657250781 408.618054927187 16.933964315043 -0.300724123368723
408.618139816172 16.9411279540405 -0.299303298683506 408.618159677011 16.9364366244319 -0.298124936161087 408.618086565419 16.9330094499721 -0.300066526367684
408.618180843242 16.94130579984 -0.298624679130903 408.618202685142 16.9368292048962 -0.297520962124414 408.618127610064 16.9323580829945 -0.299375287709261
408.618245406673 16.940785729967 -0.297860235629089 408.618227036685 16.9375189907645 -0.296911481304311 408.61814790405 16.9318247213755 -0.298791513401081
408.618275697693 16.9409278011536 -0.297138912220195 408.61825088447 16.9374422394573 -0.296127789005078 408.618204386213 16.9313084403745 -0.298055399024292
408.618324652038 16.9398015460011 -0.296519105347615 408.618262227515 16.9387690314527 -0.295543475895971 408.618244803428 16.9324183931634 -0.297519303699419
408.618393161541 16.9402092872404 -0.29574238641391 408.618275354381 16.9394978755684 -0.294954121118558 408.618245885958 16.9318678873078 -0.296866365452386
408.618448696168 16.940784204755 -0.295062408811839 408.618280213985 16.9394236781927 -0.294358850937597 408.618253657717 16.9307423462599 -0.296165131143883
408.618486245286 16.9399818406159 -0.294505264014223 408.618323019588 16.940416140591 -0.293598081447936 408.618271229598 16.9307736236797 -0.29553570976874
408.618505728146 16.9403882156074 -0.293998107016729 408.618348918327 16.9407714879904 -0.293036623321739 408.61826242393 16.9312622521387 -0.295193893236341
408.618517378812 16.9396498348985 -0.293534742984021 408.618356242371 16.9413001862952 -0.292528393550285 408.618299922707 16.9300118686918 -0.294722843771227
408.618521894807 16.9405504517466 -0.293084429352494 408.618394014863 16.9411076490506 -0.292129351464777 408.618331882188 16.931295663554 -0.294324755324319
408.618506388607 16.9411766494305 -0.292660008271319 408.618390592082 16.9409184741252 -0.291623028776229 408.618349193521 16.931499465718 -0.293938995245099
408.618507646607 16.9423321180873 -0.292355264795077 408.618413792143 16.9404620194362 -0.291151754265829 408.618357830188 16.9317512833293 -0.293613149194298
408.618506382866 16.942145106199 -0.291957582505354 408.618412809659 16.9404048720621 -0.290747897915168 408.618373948365 16.9326401311892 -0.293154472315379
408.618511197074 16.9422906211923 -0.291521900047846 408.618441540832 16.940184280983 -0.290443162336458 408.618393151367 16.932531697435 -0.292737330962694
408.618527580386 16.9428495494502 -0.29110404365576 408.618469305897 16.9404267385587 -0.289976151417501 408.618421617024 16.9319944007587 -0.292478493546917
408.6185361953 16.9426560906166 -0.290694358317668 408.618476539006 16.9412027645049 -0.289607942790204 408.618426604623 16.9314273216063 -0.292007533830371
408.618558922531 16.943657895442 -0.290325521585349 408.618494871998 16.9413680192282 -0.289261328855787 408.618426394679 16.9316382448825 -0.291779804839253
408.618542314074 16.9440834888122 -0.290003231097889 408.618485564453 16.9411897014484 -0.288970829789944 408.618425338318 16.9321731356104 -0.291403412005095
408.618540726942 16.9451386695115 -0.289691908791656 408.618468872699 16.9406868719744 -0.288646408209138 408.61844537276 16.9305496813311 -0.291028191051562
408.618564456117 16.9468238030333 -0.289519497139371 408.618466742643 16.9406424737528 -0.288348050949126 408.618461185877 16.9305451492737 -0.29069512154509
408.618569350228 16.947319122318 -0.289170127751428 408.618461012146 16.9412071674295 -0.288067225179715 408.618504087417 16.9313529909056 -0.29040558415466
408.618574217302 16.9465565619647 -0.288878453665826 408.618460830674 16.9401641878586 -0.28778066735031 408.618519665219 16.9300099146515 -0.290124676813073
408.61860192984 16.9463270482045 -0.288580650326273 408.618471866953 16.9401929466445 -0.287466308982056 408.618534558135 16.9301622996779 -0.289889163731461
408.618601890791 16.9468770086121 -0.288310446060457 408.618462906145 16.9397654511368 -0.287178972971718 408.618525513532 16.9302652210869 -0.289670009815231
408.618588719392 16.9468846238512 -0.288094695156349 408.618479696493 16.9394795651536 -0.286859606748947 408.618535692209 16.9296724095745 -0.28951892183621
408.618604462216 16.9472179770763 -0.287853281477328 408.618503911054 16.9395029229794 -0.286688989041382 408.618530832277 16.9302117161787 -0.289234912155444
408.618603413059 16.9478777699819 -0.287493927109923 408.618500613811 16.9399680382014 -0.286509260126856 408.618540263918 16.9306876110558 -0.289077340985162
408.618599289827 16.9477648738856 -0.287232743743724 408.618501273886 16.9397291726796 -0.286225607271838 408.618556698447 16.930350512315 -0.288785982797756
408.618596851936 16.9466830753448 -0.287023015873465 408.618514995312 16.9404551591798 -0.286158134842479 408.618560322314 16.9305523348565 -0.288628703100261
408.618593625045 16.9467021834664 -0.286863835090737 408.618521756559 16.9402431912627 -0.285994342823492 408.61857944364 16.9306155678826 -0.288377904822304
408.618619495713 16.946733434886 -0.286640835233622 408.61855198213 16.9392387159948 -0.28570882903223 408.618578382671 16.9307929692584 -0.288191111594882
408.618608590616 16.9467364963002 -0.286439907177163 408.618558194648 16.9393371878443 -0.285569344660507 408.618588170444 16.9307036167621 -0.287971006873863
