408.617805456743 16.9357373891398 -0.313183386609676 408.617805456743 16.9357373891398 -0.313183386609676 408.617805456743 16.9357373891398 -0.313183386609676
408.093913275247 19.7224223621687 -0.316650795496306 407.947951082811 17.6671178234704 -0.362272134462743 408.18640521193 15.515983695707 -0.351306843277087
407.726903741119 17.6867219447472 -0.511136770910508 407.28812279902 16.0159016989875 -0.471268008694608 407.965732750291 10.8047500532362 -0.463124258657964
407.786199014881 18.7905020299442 -0.784946932612318 406.516440781239 16.8681241494364 -0.710860531440271 407.424990392103 12.0715254792369 -0.78594695094143
407.44461192916 19.1883130525051 -0.946495810676953 407.518274084016 19.0561021065083 -1.00307286760141 406.530397092054 4.72280206017036 -1.12506111584439
407.362618427301 23.6371025221322 -1.16992458449636 407.827491034409 18.9680779933769 -1.26685413051528 407.765264102928 4.90661957559488 -1.61434899429406
406.763538970905 22.5349792888537 -1.26815033521744 408.316444885234 19.4938154612578 -1.41856338221407 407.628279656569 11.1242064813129 -1.45931185874864
406.41259078703 24.0226242130714 -1.3523468380149 408.474681435946 15.8348323685032 -1.52344984773032 409.439043012629 9.84517650635679 -1.69382998887583
406.315835250052 25.0311575219423 -1.32879339473521 408.678861418776 18.9641313336643 -1.74644213936272 410.348644658804 -1.94824949292027 -1.70940737520537
406.096297471674 24.1679869406816 -1.32325488700848 410.499721172736 21.1708699257347 -1.46476494264731 408.97219911653 -14.5034058558607 1.98866758096308
405.617714189904 25.2502250722743 -1.32802016473349 410.922881640016 22.1042356956635 -1.46292830019113 422.959619683493 -77.3365096996992 1.13736823749932
405.733606048359 24.4145541302383 -1.31234637827069 411.958914235846 22.1355051819286 -1.3938415474899 410.900038777748 -150.70147357173 2.35038153175863
405.167180180058 26.574793533195 -1.31418424701403 411.179436634388 24.4282056865239 -1.43473085979519 421.267813732102 -133.119684793035 2.86900376202037
404.937378719362 27.1700264093754 -1.28509722658279 411.165711063359 24.6504840673437 -1.3619142591967 398.308277267467 -64.0810820744766 3.64130169603381
404.985791798881 26.36944310712 -1.26467291575134 410.739502488797 26.5797921305589 -1.29856027005842 391.712432000544 -155.767201122017 2.65805197351902
405.149281804089 25.6757020154991 -1.22802176738222 410.576289589654 28.1097777585377 -1.2756270663838 373.072719114435 -148.404251982344 3.7090317287402
404.286489042518 26.3097667526947 -1.23339978067556 410.356862056109 28.8136649099756 -1.26108025465274 372.253181157968 -207.07376076263 4.02364468655905
403.92207827156 27.443028213888 -1.22300079553046 410.173746470441 27.4304334467742 -1.24175121159057 371.81559466903 -169.59621302907 4.61264334005781
404.055051147137 27.613118478476 -1.22707276143541 410.131806217696 26.7572033694894 -1.23011450552887 385.43080201537 -418.846312438657 3.96908853997791
403.743473054095 27.3028894961275 -1.23820658761831 409.641042095471 27.1566225212637 -1.22481134864261 389.337347065001 -477.560086637592 4.99408252660817
403.443359163534 26.8561926856942 -1.24113850936861 409.255847283657 27.0869278347494 -1.23010142825878 368.666607116025 -627.961278153889 5.67900053359319
403.398467733672 27.4846842072839 -1.2319466713812 409.087785317276 28.0500354974855 -1.2348664138406 357.503365997503 -661.339400719813 5.14052228735661
403.319263978949 27.8710773523359 -1.22809394569183 409.051381275757 27.5181201332451 -1.23546550361663 358.127744537915 -789.057149707504 5.09346834629917
403.412150159395 27.4985428434249 -1.21965210852594 408.96684216872 28.7968689739346 -1.23609942453325 331.512861416057 -828.203553826309 4.62323051858507
403.223789901431 26.0204959763934 -1.22541052737442 409.080200235585 28.3192710715704 -1.23263258850813 340.283305299499 -821.700826233468 3.59349838348988
402.914249774411 27.5411092705841 -1.21978887774382 408.722298160674 28.4313808701788 -1.23798346547972 326.7463175484 -914.420274663774 4.0121500636004
402.738828904069 28.3420379260122 -1.21553808391349 408.814486335087 29.0746331650476 -1.23672216840518 329.114435131896 -890.75310083423 4.30616895394309
402.635741354934 29.6281996678115 -1.21315242790919 408.803983314943 28.7817163732258 -1.23753975004677 345.067465862453 -923.766852451434 4.09369638719508
402.829310693203 28.5778279290306 -1.22139765493968 408.626410141698 28.3826356604229 -1.2374875758566 339.006288268041 -925.229352322748 4.66688136680219
402.93801252457 27.3839008861694 -1.22760370770269 408.378693611178 27.9280090490248 -1.23737042015083 344.157707618301 -971.015534419356 8.31092598332659
403.157755941477 25.6742653464651 -1.22640938973123 408.297404071956 27.5814162782267 -1.23312783155909 346.285581527783 -1053.22244153795 8.51787272384164
402.81017204891 24.9899494362268 -1.2145541039555 407.938380360999 27.5702213908761 -1.229130905035 361.530148062954 -1006.17107604662 8.85834424435753
402.896507764231 26.5088362566668 -1.2396976744908 407.885006014361 27.5045455950685 -1.22476333618357 372.607856490813 -951.820189147253 8.14126748024603
402.981721282807 25.7430181967728 -1.22657974062185 407.895483769913 26.1011599690333 -1.22029317194419 400.815359248123 -1007.43190937662 9.21150466861282
402.827274640843 25.7688302470938 -1.21162312183991 407.612315195823 27.7718605506636 -1.20183422516835 386.901675161904 -1118.14951715397 9.51011786537547
402.511624009934 26.6646115881103 -1.22321372608345 407.494185877855 27.0906295975839 -1.213758300013 418.225639223702 -1188.66047094209 10.4864642917323
402.372063767841 27.102240930802 -1.21859501656374 407.363661160716 27.2832028064407 -1.21917116824678 404.950188104426 -1121.53525549727 10.0518587375992
402.194836604032 26.7572222501469 -1.21867018573798 407.053025217019 26.067856795499 -1.21856311679295 403.916789530119 -1164.10649023215 11.2518168587064
402.11353059326 27.1175965464996 -1.20991274899946 406.869398923304 26.708894249765 -1.21334584186323 423.898669608776 -1152.00093010079 9.54007509144601
401.973746858225 27.1145807751071 -1.22313408776116 406.941654829255 27.9064508951397 -1.21590586941864 403.667544684327 -1247.61839319536 11.0379066075679
401.913184070603 26.6318142832577 -1.22849431079739 406.831635308543 26.734606141885 -1.22081319488353 427.799414529525 -1193.97826984865 11.3154284903837
401.826612661453 26.9217012173973 -1.2171551536226 406.713705005685 26.9597629370859 -1.22200111791943 414.042720776513 -1304.59612833988 11.2188513211824
401.760606051506 26.6120405607399 -1.22310301399248 406.523558795435 26.9548231450624 -1.23486962630196 403.49964893576 -1299.2631311331 11.179807773609
401.75146648082 28.1721789152605 -1.20341011134852 406.519315407713 28.8227369950595 -1.22822482412943 420.122470147788 -1321.35624699762 11.2558820910912
401.85119359081 27.7920505784245 -1.21743800157925 406.496524149184 28.7458339465923 -1.22660583400469 416.78019354556 -1421.54543466037 10.5498917988403
401.827086428168 28.3219242619732 -1.22116812721302 406.629908610857 28.6619934992897 -1.2362749597033 383.009991066231 -1382.94401239484 11.1184987963452
401.715429456091 28.0631606497287 -1.2372549158794 406.59117985944 28.2817919187537 -1.24819976778565 372.99202673046 -1541.79010581029 10.0310581172401
401.635796045338 28.5196434143765 -1.23809736641849 406.553078551711 28.4115462333903 -1.24396133389683 397.068563061145 -1522.88533489057 10.1406062119192
401.862519466139 27.1991212478201 -1.23801723888022 406.549893538919 27.7210919641898 -1.23728937317437 397.415201794796 -1643.03557720321 10.0784859911654
401.716640118801 26.5691241144509 -1.23553027605799 406.598409998723 27.1830421549067 -1.2437334808953 384.086751078183 -1968.82403651082 8.8818339363736
