30000 800 496200 400
29809 812 496363 373
29682 772 496538 382
29529 770 496714 352
29405 718 496887 369
29283 661 497056 359
29173 619 497187 321
29145 567 497272 275
29140 509 497351 274
29118 479 497417 251
29146 447 497440 222
29159 407 497440 213
29170 411 497427 167
29177 381 497428 200
29167 373 497401 189
29208 344 497363 172
29216 335 497338 181
29209 372 497293 153
29237 372 497276 161
29286 351 497261 167
29366 335 497183 147
29425 327 497164 166
29433 334 497121 149
29506 317 497069 158
29584 294 497004 156
29630 264 496970 153
29711 243 496902 119
29781 234 496830 111
29871 219 496760 124
29924 232 496640 95
30036 207 496564 122
30167 197 496457 100
30254 216 496363 86
30355 199 496279 106
30449 190 496200 106
30566 179 496094 85
30716 157 495985 93
30858 154 495857 71
30990 149 495699 67
31107 134 495591 77
31230 123 495469 73
31356 132 495313 55
31473 141 495174 57
31614 142 495067 61
31774 130 494956 63
31882 129 494831 62
32028 130 494721 55
32192 137 494591 57
32314 121 494497 73
32473 135 494362 51
32601 127 494221 71
32746 121 494057 57
32885 125 493888 58
33033 123 493720 48
33158 117 493598 59
33302 105 493487 60
33415 117 493343 50
33565 103 493222 60
33710 96 493093 56
33844 113 492958 50
33992 119 492804 47
34111 128 492670 54
34223 123 492524 58
34361 116 492418 72
34486 112 492274 59
34627 105 492124 52
34741 117 491981 54
34877 125 491861 61
34991 148 491701 51
35099 151 491598 72
35235 136 491493 77
35358 137 491366 78
35456 162 491247 68
35588 159 491152 89
35647 175 491052 85
35757 176 490966 94
35859 173 490859 87
35943 178 490743 95
36045 174 490629 85
36149 189 490525 91
36249 195 490425 90
36333 207 490344 98
36448 171 490279 121
36538 184 490187 92
36611 208 490104 82
36676 208 490023 97
36740 227 489954 111
36809 243 489874 112
36863 268 489782 112
36921 275 489722 141
36987 273 489670 141
37009 281 489611 143
37047 281 489590 152
37083 261 489582 160
37143 261 489513 129
37164 308 489463 125
37206 300 489444 158
37254 301 489416 162
37246 341 489378 149
37298 318 489346 165
37296 324 489337 171
37305 357 489266 144
37300 373 489256 174
37283 369 489279 199
37245 391 489254 182
37187 435 489289 199
37137 466 489321 216
37081 499 489340 228
37001 542 489417 236
36883 568 489512 292
36726 623 489613 284
36528 681 489731 319
36364 681 489869 349
36192 727 490007 327
35959 778 490189 384
35715 797 490419 406
35430 851 490642 405
35206 857 490895 424
34966 806 491150 474
34756 772 491397 443
34490 806 491600 397
34296 773 491829 418
34116 768 492029 383
33886 781 492257 401
33726 761 492441 387
33544 726 492636 384
33396 751 492768 328
33246 747 492906 348
33085 749 493051 357
32964 687 493221 365
32830 654 493390 350
32658 660 493545 340
32561 641 493692 341
32471 589 493836 332
32329 595 493950 309
32211 614 494070 289
32112 613 494177 295
32054 591 494272 296
31961 559 494415 315
31903 548 494499 267
31845 530 494588 279
31795 483 494677 288
31751 470 494712 235
31742 459 494742 216
31712 449 494794 229
31677 412 494840 241
31645 419 494838 203
31666 409 494842 202
31667 417 494835 182
31711 384 494850 210
31753 365 494861 186
31787 326 494870 186
31833 320 494826 155
31901 303 494818 165
31947 317 494766 133
32025 270 494716 155
32084 249 494650 128
32139 226 494594 137
32219 217 494504 102
32286 188 494416 119
32402 191 494292 85
32517 181 494202 94
32613 157 494125 108
32723 166 494027 76
32813 158 493935 90
32927 166 493808 77
33046 151 493708 78
33134 161 493592 64
33240 159 493472 74
33351 170 493367 66
33454 164 493231 77
33543 178 493149 80
33679 178 493046 71
33754 166 492972 106
33864 151 492866 83
33962 156 492747 83
34056 174 492656 78
34138 197 492552 91
34237 201 492445 96
34335 168 492380 103
34467 161 492263 81
34605 160 492122 67
34680 167 492018 77
34746 194 491906 76
34850 161 491831 116
34976 180 491704 73
35059 201 491590 83
35138 223 491475 89
35201 204 491419 121
35304 202 491325 98
35372 218 491209 96
35475 211 491115 105
35569 194 491027 100
35663 185 490939 96
35761 181 490848 108
35850 199 490759 83
35950 174 490709 114
36057 169 490588 89
36134 174 490479 77
36196 194 490408 102
36250 222 490335 97
36343 220 490271 113
36454 236 490187 105
36540 243 490108 112
36588 256 490053 121
36597 303 489989 118
36671 291 489947 159
36712 282 489905 152
36795 268 489863 142
36834 273 489817 135
36876 272 489791 155
36938 287 489731 130
36958 301 489697 159
36952 319 489693 163
36974 322 489670 164
36988 330 489670 167
36997 329 489646 185
36969 364 489624 160
36983 373 489610 186
36952 406 489603 166
36873 474 489624 199
36777 500 489694 256
36748 503 489733 241
36654 541 489808 260
36609 521 489911 272
36527 569 489988 250
36428 583 490082 296
36282 601 490185 303
36148 633 490293 288
35992 685 490434 317
35791 710 490586 373
35603 691 490787 409
35452 691 490940 336
35311 674 491105 339
35154 675 491255 330
35003 679 491445 364
34827 650 491630 374
34738 618 491786 328
34607 638 491889 296
34440 676 492023 312
34280 667 492206 364
34136 710 492328 315
33977 708 492497 351
33823 719 492638 334
33630 728 492799 347
33500 671 492997 377
33366 637 493130 327
33234 629 493224 317
33114 637 493336 315
33027 587 493497 335
32976 559 493614 304
32925 547 493666 263
32832 520 493765 304
32753 539 493801 229
32677 509 493873 280
32663 500 493922 233
32612 476 493986 244
32572 475 494043 232
32535 482 494085 219
32505 479 494106 215
32497 462 494150 230
32456 435 494187 237
32445 398 494229 224
32433 400 494201 193
32404 415 494198 189
32394 388 494217 228
32431 372 494230 179
32430 369 494241 190
32437 362 494235 171
32438 348 494192 176
32495 351 494149 152
32541 316 494161 171
32576 324 494110 149
32604 323 494061 165
32630 316 494021 160
32723 270 493996 156
32798 249 493932 135
32828 272 493867 123
32864 280 493801 135
32906 281 493774 151
32943 283 493714 153
32969 292 493661 137
33017 284 493607 140
33051 285 493560 152
33094 308 493535 135
33198 264 493516 154
33242 252 493452 136
33327 234 493388 130
33422 211 493309 115
33513 210 493228 105
33624 195 493143 114
33728 183 493049 93
33812 196 492903 85
33905 219 492780 77
33968 223 492721 117
34031 227 492668 113
34134 239 492579 95
34221 209 492532 137
34268 215 492440 102
34383 215 492316 95
34459 223 492239 113
34543 223 492150 110
34616 236 492056 95
34667 237 491994 119
34718 243 491900 110
34748 261 491844 128
34793 261 491790 144
34838 271 491703 119
34896 282 491648 131
34929 294 491596 144
34946 310 491572 155
34967 308 491520 149
35012 317 491511 160
35045 319 491502 154
35073 290 491492 175
35073 296 491448 147
35111 304 491404 145
35176 301 491360 148
35180 316 491304 136
35207 347 491268 145
35207 359 491254 185
35209 362 491262 186
35183 378 491275 193
35170 382 491275 195
35154 385 491279 189
35125 421 491260 196
35081 425 491302 217
34999 465 491344 221
34962 472 491364 212
34920 491 491430 234
34844 501 491505 257
34752 543 491568 238
34704 508 491663 275
34632 555 491731 246
34525 594 491827 272
34412 636 491902 270
34291 634 492024 321
34183 613 492168 336
34047 635 492277 316
33958 627 492361 288
33814 652 492497 307
33673 653 492621 317
33509 649 492766 342
33354 664 492896 331
33193 654 493036 332
33085 663 493134 291
32954 646 493286 337
32778 663 493441 334
32609 670 493572 325
32467 666 493678 320
32369 683 493765 293
32261 639 493917 336
32171 641 494026 297
32045 641 494124 294
31909 618 494227 319
31829 576 494348 319
31737 573 494431 278
31681 562 494507 262
31584 579 494557 257
31475 578 494640 291
31390 536 494730 293
31319 533 494817 290
31257 529 494904 257
31209 488 494963 266
31203 461 495027 242
31168 463 495062 217
31188 457 495111 214
31167 413 495155 237
31183 378 495166 208
31179 394 495155 174
31169 389 495154 201
31157 364 495162 204
31153 369 495145 168
31161 344 495121 186
31186 325 495097 177
31240 312 495057 149
31329 305 495003 130
31391 270 494958 158
31463 252 494895 128
31532 241 494853 130
31611 231 494798 123
31696 230 494703 100
31795 207 494609 106
31891 230 494490 97
31946 208 494430 145
32034 186 494374 111
32131 186 494282 95
32223 183 494187 92
32345 187 494097 84
32429 197 493996 96
32530 191 493898 105
32604 196 493788 99
32712 200 493710 89
32826 194 493639 94
32913 193 493521 86
33029 152 493420 97
33160 144 493297 77
33312 142 493209 68
33409 174 493070 62
33506 176 492964 82
33616 168 492854 86
33745 166 492733 70
33873 146 492640 84
33983 147 492537 73
34112 121 492442 78
34239 120 492299 55
34354 131 492169 53
34451 148 492039 53
34571 142 491932 84
34684 142 491811 70
34776 156 491697 73
34889 156 491569 70
34994 153 491449 75
35105 133 491340 82
35239 125 491212 73
35348 121 491090 63
35476 130 490957 59
35595 142 490847 72
35704 141 490717 69
35834 140 490580 58
35968 134 490460 67
36063 156 490334 72
36181 142 490206 78
36287 155 490084 68
36392 177 489978 79
36481 163 489879 94
36555 175 489762 82
36621 215 489664 77
36709 230 489577 97
36780 231 489508 118
36828 243 489473 124
36869 265 489422 131
36924 279 489362 129
36994 299 489282 122
36993 330 489235 140
37056 309 489219 161
37082 310 489190 163
37083 357 489159 151
37082 360 489162 193
37032 393 489187 200
36979 449 489185 188
36938 485 489226 217
36860 498 489302 260
36803 514 489345 233
36719 548 489399 252
36653 533 489501 281
36519 578 489558 263
36412 578 489675 285
36284 602 489787 298
36153 643 489878 292
35982 680 490031 318
35862 673 490205 343
35646 722 490358 342
35402 787 490509 351
35155 836 490718 393
34914 788 490981 455
34681 791 491187 395
34469 774 491408 409
34257 778 491607 386
34009 800 491830 412
33861 783 492018 363
33629 801 492204 396
33390 833 492396 385
33155 885 492598 378
32928 835 492866 455
32751 806 493098 412
32589 807 493268 367
32383 796 493493 394
32226 743 493714 388
32079 708 493907 376
31939 684 494089 359
31803 666 494253 349
31683 630 494380 336
31555 665 494474 280
31429 667 494586 315
31314 629 494746 331
31194 638 494868 305
31072 631 495006 303
30964 598 495143 313
30872 578 495228 290
30809 557 495305 268
30775 495 495384 289
30777 487 495414 222
30749 470 495423 229
30790 428 495436 223
30806 423 495453 197
30813 430 495452 207
30836 414 495450 189
30847 398 495451 198
30857 385 495446 184
30911 327 495443 203
30955 317 495419 157
31007 292 495389 163
31060 276 495340 142
31136 283 495275 117
31199 267 495219 141
31243 269 495153 132
31322 260 495095 126
31403 245 495049 135
31491 231 494965 109
